Augmented matrix before elimation = 
    1.0000    2.0000    1.0000    8.0000
   -4.0000    7.0000    3.0000   19.0000
   11.0000   -1.0000    2.0000   15.0000

Augmented matrix after elimation = 
    1.0000    2.0000    1.0000    8.0000
         0   15.0000    7.0000   51.0000
         0         0    1.7333    5.2000

x = 
   1.0000
   2.0000
   3.0000

Augmented matrix before elimation = 
    1.0000   -1.0000    2.0000   -1.0000   -8.0000
    2.0000   -2.0000    3.0000   -3.0000  -20.0000
    1.0000    1.0000    1.0000         0   -2.0000
    1.0000   -1.0000    4.0000    3.0000    4.0000

Augmented matrix after elimation = 
   1.0000  -1.0000   2.0000  -1.0000  -8.0000
        0   2.0000  -1.0000   1.0000   6.0000
        0        0  -1.0000  -1.0000  -4.0000
        0        0        0   2.0000   4.0000

y = 
  -7.0000
   3.0000
   2.0000
   2.0000

Augmented matrix before gauss-jordan = 
    1.0000    2.0000    1.0000    8.0000
   -4.0000    7.0000    3.0000   19.0000
   11.0000   -1.0000    2.0000   15.0000

Augmented matrix after gauss-jordan = 
   1.0000e+00        0e+00        0e+00   1.0000e+00
        0e+00   1.5000e+01  -8.8818e-16   3.0000e+01
        0e+00        0e+00   1.7333e+00   5.2000e+00

z = 
   1.0000
   2.0000
   3.0000

Augmented matrix before gauss-jordan = 
    1.0000   -1.0000    2.0000   -1.0000   -8.0000
    2.0000   -2.0000    3.0000   -3.0000  -20.0000
    1.0000    1.0000    1.0000         0   -2.0000
    1.0000   -1.0000    4.0000    3.0000    4.0000

Augmented matrix after gauss-jordan = 
   1.0000        0        0        0  -7.0000
        0   2.0000        0        0   6.0000
        0        0  -1.0000        0  -2.0000
        0        0        0   2.0000   4.0000

w = 
  -7.0000
   3.0000
   2.0000
   2.0000

