example 5, pg. 409
A = 
   2.0000  -1.0000        0        0
  -1.0000   2.0000  -1.0000        0
        0  -1.0000   2.0000  -1.0000
        0        0  -1.0000   2.0000

b = 
   1.0000
        0
        0
   1.0000

x = 
   1.0000
   1.0000
   1.0000
   1.0000

=================================================================
heat transfer through a rod approximated by finite difference
pde: second partial of f w/ respect to x + 4f = 0
f(0) = 0; f(L) = 1

-----------------------------------------------------------------
4 nodes.
x' = 
        0   0.4848   0.8485   1.0000

t' = 
        0   0.5272   0.9254   1.0970

N 4, rel_error 0.0884191
-----------------------------------------------------------------
8 nodes.
x' = 
        0   0.2523   0.4888   0.6948   0.8573   0.9663   1.0149   1.0000

t' = 
        0   0.2721   0.5272   0.7496   0.9254   1.0436   1.0970   1.0821

N 8, rel_error 0.0759041
-----------------------------------------------------------------
16 nodes.
x' = 
        0   0.1308   0.2596   0.3843   0.5030   0.6138   0.7151   0.8052   0.8827   0.9464   0.9953   1.0287   1.0460   1.0469   1.0315   1.0000

t' = 
        0   0.1371   0.2721   0.4028   0.5272   0.6435   0.7496   0.8441   0.9254   0.9923   1.0436   1.0787   1.0970   1.0981   1.0821   1.0493

N 16, rel_error 0.0469437
-----------------------------------------------------------------
32 nodes.
x' = 
        0   0.0669   0.1336   0.1997   0.2651   0.3294   0.3925   0.4540   0.5137   0.5714   0.6269   0.6800   0.7304   0.7779   0.8224   0.8637   0.9016   0.9360   0.9667   0.9937   1.0168   1.0359   1.0509   1.0619   1.0687   1.0713   1.0698   1.0640   1.0541   1.0401   1.0221   1.0000

t' = 
        0   0.0687   0.1371   0.2050   0.2721   0.3381   0.4028   0.4659   0.5272   0.5865   0.6435   0.6979   0.7496   0.7984   0.8441   0.8865   0.9254   0.9607   0.9923   1.0199   1.0436   1.0633   1.0787   1.0900   1.0970   1.0997   1.0981   1.0923   1.0821   1.0678   1.0493   1.0266

N 32, rel_error 0.0259416
-----------------------------------------------------------------
64 nodes.
x' = 
        0   0.0339   0.0678   0.1016   0.1353   0.1688   0.2022   0.2354   0.2684   0.3011   0.3335   0.3656   0.3973   0.4287   0.4596   0.4901   0.5201   0.5496   0.5786   0.6069   0.6347   0.6619   0.6884   0.7143   0.7395   0.7639   0.7876   0.8105   0.8327   0.8540   0.8745   0.8941   0.9129   0.9307   0.9477   0.9637   0.9788   0.9929   1.0061   1.0183   1.0295   1.0397   1.0488   1.0570   1.0641   1.0702   1.0752   1.0792   1.0821   1.0840   1.0848   1.0845   1.0832   1.0808   1.0774   1.0729   1.0674   1.0609   1.0533   1.0446   1.0350   1.0243   1.0127   1.0000

t' = 
        0   0.0344   0.0687   0.1030   0.1371   0.1711   0.2050   0.2387   0.2721   0.3052   0.3381   0.3706   0.4028   0.4346   0.4659   0.4968   0.5272   0.5571   0.5865   0.6153   0.6435   0.6710   0.6979   0.7241   0.7496   0.7744   0.7984   0.8217   0.8441   0.8657   0.8865   0.9064   0.9254   0.9435   0.9607   0.9770   0.9923   1.0066   1.0199   1.0323   1.0436   1.0540   1.0633   1.0715   1.0787   1.0849   1.0900   1.0940   1.0970   1.0989   1.0997   1.0995   1.0981   1.0957   1.0923   1.0877   1.0821   1.0755   1.0678   1.0590   1.0493   1.0385   1.0266   1.0138

N 64, rel_error 0.0136231
-----------------------------------------------------------------
128 nodes.
x' = 
        0   0.0171   0.0341   0.0512   0.0682   0.0852   0.1022   0.1192   0.1362   0.1531   0.1699   0.1868   0.2036   0.2203   0.2370   0.2536   0.2702   0.2867   0.3031   0.3195   0.3358   0.3519   0.3681   0.3841   0.4000   0.4158   0.4316   0.4472   0.4627   0.4781   0.4934   0.5085   0.5236   0.5385   0.5533   0.5679   0.5824   0.5968   0.6110   0.6251   0.6390   0.6527   0.6663   0.6798   0.6931   0.7062   0.7191   0.7318   0.7444   0.7568   0.7690   0.7810   0.7929   0.8045   0.8159   0.8272   0.8382   0.8491   0.8597   0.8701   0.8803   0.8903   0.9001   0.9096   0.9190   0.9281   0.9370   0.9456   0.9540   0.9622   0.9702   0.9779   0.9854   0.9926   0.9996   1.0063   1.0128   1.0191   1.0251   1.0309   1.0364   1.0416   1.0466   1.0514   1.0559   1.0601   1.0641   1.0678   1.0712   1.0744   1.0773   1.0800   1.0824   1.0845   1.0864   1.0880   1.0893   1.0904   1.0912   1.0918   1.0920   1.0921   1.0918   1.0913   1.0905   1.0894   1.0881   1.0865   1.0847   1.0825   1.0802   1.0775   1.0746   1.0714   1.0680   1.0643   1.0603   1.0561   1.0516   1.0469   1.0419   1.0367   1.0312   1.0255   1.0195   1.0132   1.0067   1.0000

t' = 
        0   0.0172   0.0344   0.0515   0.0687   0.0858   0.1030   0.1200   0.1371   0.1541   0.1711   0.1881   0.2050   0.2219   0.2387   0.2554   0.2721   0.2887   0.3052   0.3217   0.3381   0.3544   0.3706   0.3868   0.4028   0.4187   0.4346   0.4503   0.4659   0.4814   0.4968   0.5121   0.5272   0.5423   0.5571   0.5719   0.5865   0.6010   0.6153   0.6294   0.6435   0.6573   0.6710   0.6845   0.6979   0.7111   0.7241   0.7370   0.7496   0.7621   0.7744   0.7865   0.7984   0.8101   0.8217   0.8330   0.8441   0.8550   0.8657   0.8762   0.8865   0.8965   0.9064   0.9160   0.9254   0.9346   0.9435   0.9522   0.9607   0.9690   0.9770   0.9847   0.9923   0.9996   1.0066   1.0134   1.0199   1.0263   1.0323   1.0381   1.0436   1.0489   1.0540   1.0587   1.0633   1.0675   1.0715   1.0753   1.0787   1.0819   1.0849   1.0876   1.0900   1.0921   1.0940   1.0956   1.0970   1.0981   1.0989   1.0994   1.0997   1.0997   1.0995   1.0989   1.0981   1.0971   1.0957   1.0941   1.0923   1.0901   1.0877   1.0851   1.0821   1.0789   1.0755   1.0718   1.0678   1.0635   1.0590   1.0543   1.0493   1.0440   1.0385   1.0327   1.0266   1.0203   1.0138   1.0070

N 128, rel_error 0.00697948
-----------------------------------------------------------------
256 nodes.
x' = 
        0   0.0086   0.0171   0.0257   0.0342   0.0428   0.0514   0.0599   0.0684   0.0770   0.0855   0.0941   0.1026   0.1111   0.1196   0.1281   0.1366   0.1451   0.1536   0.1621   0.1705   0.1790   0.1874   0.1959   0.2043   0.2127   0.2211   0.2294   0.2378   0.2462   0.2545   0.2628   0.2711   0.2794   0.2877   0.2959   0.3042   0.3124   0.3206   0.3288   0.3369   0.3450   0.3532   0.3613   0.3693   0.3774   0.3854   0.3934   0.4014   0.4093   0.4173   0.4252   0.4331   0.4409   0.4487   0.4565   0.4643   0.4720   0.4797   0.4874   0.4951   0.5027   0.5103   0.5179   0.5254   0.5329   0.5404   0.5478   0.5552   0.5625   0.5699   0.5772   0.5844   0.5917   0.5988   0.6060   0.6131   0.6202   0.6272   0.6342   0.6412   0.6481   0.6550   0.6618   0.6686   0.6754   0.6821   0.6888   0.6954   0.7020   0.7086   0.7151   0.7216   0.7280   0.7344   0.7407   0.7470   0.7532   0.7594   0.7656   0.7717   0.7777   0.7837   0.7897   0.7956   0.8015   0.8073   0.8131   0.8188   0.8244   0.8300   0.8356   0.8411   0.8466   0.8520   0.8574   0.8627   0.8679   0.8731   0.8783   0.8834   0.8884   0.8934   0.8983   0.9032   0.9080   0.9128   0.9175   0.9221   0.9267   0.9313   0.9358   0.9402   0.9446   0.9489   0.9531   0.9573   0.9615   0.9655   0.9696   0.9735   0.9774   0.9813   0.9850   0.9888   0.9924   0.9960   0.9996   1.0030   1.0065   1.0098   1.0131   1.0163   1.0195   1.0226   1.0257   1.0287   1.0316   1.0344   1.0372   1.0400   1.0426   1.0452   1.0478   1.0503   1.0527   1.0550   1.0573   1.0595   1.0617   1.0638   1.0658   1.0677   1.0696   1.0715   1.0732   1.0749   1.0766   1.0781   1.0796   1.0811   1.0824   1.0837   1.0850   1.0861   1.0873   1.0883   1.0893   1.0902   1.0910   1.0918   1.0925   1.0931   1.0937   1.0942   1.0946   1.0950   1.0953   1.0956   1.0957   1.0958   1.0959   1.0958   1.0957   1.0956   1.0953   1.0951   1.0947   1.0943   1.0938   1.0932   1.0926   1.0919   1.0911   1.0903   1.0894   1.0884   1.0874   1.0863   1.0851   1.0839   1.0826   1.0812   1.0798   1.0783   1.0768   1.0751   1.0734   1.0717   1.0699   1.0680   1.0660   1.0640   1.0619   1.0598   1.0576   1.0553   1.0530   1.0506   1.0481   1.0456   1.0430   1.0403   1.0376   1.0348   1.0319   1.0290   1.0260   1.0230   1.0199   1.0167   1.0135   1.0102   1.0069   1.0035   1.0000

t' = 
        0   0.0086   0.0172   0.0258   0.0344   0.0429   0.0515   0.0601   0.0687   0.0773   0.0858   0.0944   0.1030   0.1115   0.1200   0.1286   0.1371   0.1456   0.1541   0.1626   0.1711   0.1796   0.1881   0.1965   0.2050   0.2134   0.2219   0.2303   0.2387   0.2470   0.2554   0.2637   0.2721   0.2804   0.2887   0.2970   0.3052   0.3135   0.3217   0.3299   0.3381   0.3463   0.3544   0.3625   0.3706   0.3787   0.3868   0.3948   0.4028   0.4108   0.4187   0.4267   0.4346   0.4425   0.4503   0.4581   0.4659   0.4737   0.4814   0.4892   0.4968   0.5045   0.5121   0.5197   0.5272   0.5348   0.5423   0.5497   0.5571   0.5645   0.5719   0.5792   0.5865   0.5937   0.6010   0.6081   0.6153   0.6224   0.6294   0.6365   0.6435   0.6504   0.6573   0.6642   0.6710   0.6778   0.6845   0.6912   0.6979   0.7045   0.7111   0.7176   0.7241   0.7306   0.7370   0.7433   0.7496   0.7559   0.7621   0.7683   0.7744   0.7805   0.7865   0.7925   0.7984   0.8043   0.8101   0.8159   0.8217   0.8274   0.8330   0.8386   0.8441   0.8496   0.8550   0.8604   0.8657   0.8710   0.8762   0.8814   0.8865   0.8915   0.8965   0.9015   0.9064   0.9112   0.9160   0.9207   0.9254   0.9300   0.9346   0.9391   0.9435   0.9479   0.9522   0.9565   0.9607   0.9649   0.9690   0.9730   0.9770   0.9809   0.9847   0.9885   0.9923   0.9959   0.9996   1.0031   1.0066   1.0100   1.0134   1.0167   1.0199   1.0231   1.0263   1.0293   1.0323   1.0352   1.0381   1.0409   1.0436   1.0463   1.0489   1.0515   1.0540   1.0564   1.0587   1.0610   1.0633   1.0654   1.0675   1.0696   1.0715   1.0734   1.0753   1.0770   1.0787   1.0804   1.0819   1.0835   1.0849   1.0863   1.0876   1.0888   1.0900   1.0911   1.0921   1.0931   1.0940   1.0949   1.0956   1.0964   1.0970   1.0976   1.0981   1.0985   1.0989   1.0992   1.0994   1.0996   1.0997   1.0998   1.0997   1.0996   1.0995   1.0992   1.0989   1.0986   1.0981   1.0976   1.0971   1.0964   1.0957   1.0950   1.0941   1.0932   1.0923   1.0912   1.0901   1.0890   1.0877   1.0864   1.0851   1.0836   1.0821   1.0806   1.0789   1.0772   1.0755   1.0737   1.0718   1.0698   1.0678   1.0657   1.0635   1.0613   1.0590   1.0567   1.0543   1.0518   1.0493   1.0467   1.0440   1.0412   1.0385   1.0356   1.0327   1.0297   1.0266   1.0235   1.0203   1.0171   1.0138   1.0105   1.0070   1.0035

N 256, rel_error 0.00353237
